0000000000000000
0000000000000010
0000000000000100
0000000100010100
0000000100010110
0000000100011000
0000000100100000
0000000100100010
0000000000000110
0000000000001000
0000000000010000
0000000010000110
0000000000010010
0000000000010100
0000000000010110
0000000000011000
0000000000100000
0000000000100010
0000000000100100
0000000000010000
0000000010000111
0000000000010010
0000000000010100
0000000000010110
0000000000011000
0000000000100000
0000000000100010
0000000000100100
0000000000010000
0000000010001000
0000000000010010
0000000000010100
0000000000010110
0000000000011000
0000000000100000
0000000000100010
0000000000100100
0000000000010000
0000000010001001
0000000000010010
0000000000010100
0000000000010110
0000000000011000
0000000000100000
0000000000100010
0000000000100100
0000000000010000
0000000010001010
0000000000010010
0000000000010100
0000000000010110
0000000000011000
0000000000100000
0000000000100010
0000000000100100
0000000000010000
0000000010001011
0000000000010010
0000000000010100
0000000000010110
0000000000011000
0000000000100000
0000000000100010
0000000000100100
0000000000010000
0000000010001100
0000000000010010
0000000000010100
0000000000010110
0000000000011000
0000000000100000
0000000000100010
0000000000100100
0000000000010000
0000000010001101
0000000000010010
0000000000010100
0000000000010110
0000000000011000
0000000000100000
0000000000100010
0000000000100100
0000000000010000
0000000010001110
0000000000010010
0000000000010100
0000000000010110
0000000000011000
0000000000100000
0000000000100010
0000000000100100
0000000000010000
0000000010001111
0000000000010010
0000000000010100
0000000000010110
0000000000011000
0000000000100000
0000000000100010
0000000000100100
0000000000010000
0000000010010000
0000000000010010
0000000000010100
0000000000010110
0000000000011000
0000000000100000
0000000000100010
0000000000100100
0000000000010000
0000000010010001
0000000000010010
0000000000010100
0000000000010110
0000000000011000
0000000000100000
0000000000100010
0000000000100100
0000000000010000
0000000010010010
0000000000010010
0000000000010100
0000000000010110
0000000000011000
0000000000100000
0000000000100010
0000000000100100
0000000000010000
0000000010010011
0000000000010010
0000000000010100
0000000000010110
0000000000011000
0000000000100000
0000000000100010
0000000000100100
0000000000100110
0000000000101000
0000000000110000
0000000100100100
0000000100100110
0000000100101000
0000000100110000
0000000100110010
0000000000110010
0000000000110100
0000000000110110
0000000010010100
0000000000111000
0000000001000000
0000000001000010
0000000001000100
0000000001000110
0000000001001000
0000000001010000
0000000000110110
0000000010010101
0000000000111000
0000000001000000
0000000001000010
0000000001000100
0000000001000110
0000000001001000
0000000001010000
0000000000110110
0000000010010110
0000000000111000
0000000001000000
0000000001000010
0000000001000100
0000000001000110
0000000001001000
0000000001010000
0000000000110110
0000000010010111
0000000000111000
0000000001000000
0000000001000010
0000000001000100
0000000001000110
0000000001001000
0000000001010000
0000000000110110
0000000010011000
0000000000111000
0000000001000000
0000000001000010
0000000001000100
0000000001000110
0000000001001000
0000000001010000
0000000000110110
0000000010011001
0000000000111000
0000000001000000
0000000001000010
0000000001000100
0000000001000110
0000000001001000
0000000001010000
0000000000110110
0000000010011010
0000000000111000
0000000001000000
0000000001000010
0000000001000100
0000000001000110
0000000001001000
0000000001010000
0000000000110110
0000000010011011
0000000000111000
0000000001000000
0000000001000010
0000000001000100
0000000001000110
0000000001001000
0000000001010000
0000000000110110
0000000010011100
0000000000111000
0000000001000000
0000000001000010
0000000001000100
0000000001000110
0000000001001000
0000000001010000
0000000000110110
0000000010011101
0000000000111000
0000000001000000
0000000001000010
0000000001000100
0000000001000110
0000000001001000
0000000001010000
0000000000110110
0000000010011110
0000000000111000
0000000001000000
0000000001000010
0000000001000100
0000000001000110
0000000001001000
0000000001010000
0000000000110110
0000000010011111
0000000000111000
0000000001000000
0000000001000010
0000000001000100
0000000001000110
0000000001001000
0000000001010000
0000000000110110
0000000010100000
0000000000111000
0000000001000000
0000000001000010
0000000001000100
0000000001000110
0000000001001000
0000000001010000
0000000001010010